0 0.9703125 0.60625 0.0546875 0.1390625
0 0.925 0.62265625 0.059375 0.1
0 0.534375 0.51796875 0.059375 0.08515625
0 0.1296875 0.640625 0.0953125 0.13671875
0 0.2125 0.58046875 0.08828125 0.1125
0 0.37734375 0.6109375 0.07734375 0.11796875
0 0.496875 0.62578125 0.075 0.1125
0 0.596875 0.57109375 0.06171875 0.0875
0 0.57421875 0.53203125 0.03828125 0.0578125
0 0.69453125 0.56484375 0.04765625 0.08203125
0 0.81796875 0.62578125 0.1 0.13671875
0 0.76171875 0.590625 0.059375 0.08515625
0 0.77578125 0.52890625 0.04765625 0.07578125
0 0.91796875 0.56796875 0.0453125 0.0578125
0 0.87421875 0.56484375 0.04765625 0.06953125