0 0.47421875 0.44375 0.0203125 0.0453125
0 0.503125 0.4453125 0.0421875 0.053125
0 0.6140625 0.4359375 0.04765625 0.06640625
0 0.53515625 0.45625 0.034375 0.053125
0 0.56015625 0.44296875 0.028125 0.053125
0 0.76328125 0.44375 0.04609375 0.06171875
0 0.70234375 0.46171875 0.0359375 0.05859375
0 0.97578125 0.44375 0.0359375 0.06171875
0 0.940625 0.453125 0.02578125 0.04765625
0 0.85390625 0.44296875 0.0359375 0.0640625
0 0.81875 0.44765625 0.02578125 0.04765625
0 0.65234375 0.46171875 0.028125 0.04765625