0 0.384375 0.46875 0.06015625 0.12265625
0 0.25390625 0.46875 0.05625 0.1046875
0 0.4921875 0.44765625 0.05234375 0.0984375
0 0.62734375 0.45390625 0.0421875 0.08046875
0 0.16015625 0.43984375 0.05625 0.08984375
0 0.8828125 0.4625 0.05390625 0.11640625
0 0.728125 0.45546875 0.04375 0.08984375
0 0.709375 0.459375 0.03828125 0.08671875
0 0.278125 0.4578125 0.03203125 0.08359375
0 0.32109375 0.47421875 0.0296875 0.06875
0 0.5578125 0.4703125 0.028125 0.06015625
0 0.59296875 0.465625 0.0296875 0.05703125