0 0.06484375 0.68125 0.0703125 0.10390625
0 0.50390625 0.85 0.10390625 0.18671875
0 0.27578125 0.71640625 0.0640625 0.10390625
0 0.69296875 0.77265625 0.0859375 0.13359375
0 0.9046875 0.71328125 0.06171875 0.115625
0 0.96328125 0.68359375 0.06171875 0.11015625
0 0.5640625 0.675 0.05625 0.0921875
0 0.46015625 0.68515625 0.06015625 0.0890625
0 0.2078125 0.6453125 0.03984375 0.08046875
0 0.321875 0.62890625 0.04375 0.0890625
0 0.41875 0.6109375 0.03828125 0.065625
0 0.4921875 0.60234375 0.03203125 0.053125
0 0.65 0.66640625 0.04765625 0.08046875
0 0.72734375 0.66484375 0.05390625 0.0828125
0 0.7703125 0.63984375 0.0359375 0.07421875